1073741824S,0C
0 0
85596 1
9564 1
13334 1
285892 1
16347 1
15991 1
24862 1
65599 1
28538 1
22947 1
64445 1
23675 1
28649 1
29829 1
60085 1
34594 1
29326 1
72565 1
34320 1
72186 1
93315 1
12523 1
20167 1
12719 1
36818 1
22648 1
24862 1
22651 1
38517 1
42911 1
24801 1
24727 1
23629 1
16297 1
52388 1
42882 1
38469 1
34422 1
67806 1
76996 1
38480 1
42887 1
73352 1
58882 1
38455 1
42879 1
16270 1
69855 1
33747 1
47834 1
38506 1
42942 1
16313 1
34012 1
38532 1
42930 1
16326 1
34307 1
4552 1
42938 1
38515 1
1820 1
22717 1
